49927398716
1234567812345670
79927398713
49927398717
1234567812345678
79927398712
a4003600000000014
4a9927398716
1234567812345670a
_79927398713
347571636156806
377036232435205
374197920072735
375574791720551
373358392226610
346316752599772
344041360537236
348231182911059
373494112650142
371446341289904
6011051051967294
6011286839558144
6011896529047289
6011690190976508
6011620095506993
6011456086562624
6011351974640485
6011039892591415
6011371630595790
6011495179377805
6387360488013523
6391306522748750
6381834064979774
6394161275844075
6395994972467470
6380007000824435
6371697100366393
6373353505755875
6391147832327681
6398297378775588
3559072172130252
3588888941819379
3549321564716563
3579263536520066
3539405752428842
3588807842083729
3558697829279259
3529274894763009
3558759193722064
3588150092888434
5179559746275659
5294470453571795
5361559822290604
5101919026839801
5218384145592189
5310697286138513
5115335345124003
5258862487658339
5344039334580331
5381399698578139
6334653470867488530
6334450870954006
6767974431390473780
633440623003292484
6767399681588642334
633446258592458859
676763648852558972
6767135873158797494
6334576437932190
6334258004445449
6759701788465875455
6331108934518786
6331105327066571
675913840718108065
6759626888284337240
5641824428230294848
490327359633479240
5641820230625944
6333784744449558
633110053525524264
628802053710159770
8118044849524335270
8112273549180511686
8129886717202308240
8178979077002348499
6242644520800311152
8103540729255007168
8101844352965335006
6263757514648114240
6293699446012111213
4835300635983478
4553046528482579
4398324592673632
4899475673208724
4152690595355864
4729085969389348
4346988818190242
4821084556481532
4535294102245151
4283031559505172
